3.5767359409457
-8.24144331175768
0.330368823452515
-5.01131771933994
4.15848367073412
2.10979265185183
-8.5390431976245
8.04578081657789
3.21591546156866
-1.55379169680802
1.40432247896687
5.75841552154714
-1.65820446959111
-4.24458506640149
10.2191998443246
0.722684106443731
3.95947439910535
-6.59624560284506
6.00338226754362
-1.96788351006687
-7.42705416368988
4.15807007762628
4.00703877442525
5.5365773063552
9.35241443417416
-0.929696545132165
-2.97864627330509
3.58323755616487
1.1046070533635
3.41657683250665
5.04790790520164
