-0.360464948267827
1.82729552914314
1.74094301694107
1.7951196070365
1.72113025634574
0.751633022752568
0.460351938221575
1.4639814113787
1.94228706745465
0.427571558887507
-0.952761944465985
1.73758533978219
-0.0675289591839555
1.400457950341
1.4191591800609
0.0574274947474741
-0.620634768307821
-0.353546965661395
0.522456282154031
-0.451904356504451
-0.950583474236157
2.22537663081534
2.24536625345657
2.10769334896378
1.9703672037891
1.64562212992731
0.997339907200843
1.5891951473498
2.20534897000514
1.61106041690497
0.632787058198213
