1.63063843028212	-2.1513366310535	0.231166026113168	-3.05328067638354	3.80315850144357	-0.258453152274532	-0.47467514417662	1.10870823243036	0.634031738725335	-0.0839903914524821	0.334147223297882	-0.434286716150506	-0.0668847368796774	-0.203680437107349	2.07747850807334	-0.092352557715922	-0.0742068101087383	-0.617310715789043	0.355467398422745	-0.198859542239726	0.157299931985571	-1.58288285649967	-0.00590025506953106	-0.514418654220484	5.00652443687182	0.199289869046254	0.185930936145157	-0.183950454676216	0.298981375748944	0.336812519121369	-0.0800809592901382
-2.15133663105349	59.5441279449306	-0.470056310050709	-32.9085662853174	-24.1343312812861	-0.500640933484957	2.21941570645105	1.77231860369037	-2.4916427053636	0.487875121244698	0.35794405418271	-2.97268505420226	-0.666467704253605	3.8031140704156	1.09536107162347	0.499707980528357	-1.07813106286293	1.30719588536807	-1.34410443862095	0.311171946721751	0.169524688788388	-7.97508297328899	0.252283039533071	-2.24157030520867	0.648973710909929	-0.0313028967517225	0.676719646440686	-1.81977828855251	-0.16713434080166	-0.914929236406338	0.254423614904982
0.231166026113197	-0.470056310050683	1.36732570035139	-1.23855960970816	0.636992552893694	-0.313074644877833	-0.63442551567053	0.00683908628759301	0.715613698111654	-0.0316416904479885	0.227798987710698	0.288580280114075	0.613941800530118	-0.187481134063093	-0.907991466374913	-0.164433508259017	0.61745728693202	0.191779257705665	-0.340249665817801	-0.452160978037938	-0.291622807941787	0.820733977116635	-1.45184264875002	0.177185920770069	0.982552839003117	0.470145653828554	-0.164391171337033	-0.299339650499204	0.590946975990521	0.417033112591851	-0.181026722331627
-3.05328067638346	-32.9085662853176	-1.23855960970816	64.6908013874326	-23.9000949040858	-0.0983490090965467	-2.20072121782244	-3.42113667525497	-1.30391943849141	-0.212224134839445	0.287491224527562	2.5341126467195	0.275892888835105	-0.287738488184537	-2.76080742613978	0.329642145258977	0.596667643038319	1.96982127650286	-1.78579218683627	0.0829388643742227	-0.437319904796439	-1.17832243783317	0.261973831047895	-6.65791356218346	-1.43072240630877	0.0190637342373948	-0.472686079883218	-0.0563337242688112	0.703427566037595	-0.0123758687927651	-0.140038233190897
3.80315850144369	-24.1343312812864	0.636992552893683	-23.9000949040861	54.4212890165521	0.829879023886481	1.84249551340134	1.77003615765037	-0.601571460069126	-0.0887750231471542	-0.443126249159079	0.560887282802505	-0.277100057567794	-1.0540984688098	1.57422662430046	-0.178373243447507	1.39082634935296	-2.6709721164439	0.76047939544999	-0.864079605446737	-0.997666907695585	5.41742412201601	0.0450402390029626	1.58803741228762	-9.91500147575436	-0.429070324235108	-1.45925371914855	1.21735266469312	1.57035269417237	0.624435497957849	0.669552206066858
-0.258453152274432	-0.500640933484963	-0.313074644877798	-0.0983490090965848	0.829879023886741	1.61148352156661	-0.476534467141071	1.43351006515749	-1.75869438862727	-0.24342874458112	-0.333792667938167	0.190516529365624	-0.40005368254171	-0.144733279423574	0.203312076643211	0.380486393778138	0.687281139468098	-1.08214949619559	0.709727062498923	0.0736620523177683	-1.41430845618939	0.894431200500141	0.612447095094784	-0.0893479088409519	-0.548686925313254	-1.19663963818193	-0.609688123880941	0.785392352269552	-0.251443169289065	0.101532672767737	1.11507211631562
-0.474675144176744	2.21941570645139	-0.634425515670563	-2.20072121782225	1.84249551340114	-0.476534467140861	9.67802482128387	-4.89294892412321	-2.33893580448913	0.0758820309097487	-2.51657897109918	-1.19634607848825	0.413938927828635	0.342673086850063	-0.759610593820311	0.190830934088927	-1.31811656911839	0.826905357996303	-1.85262554485915	0.33828189445212	2.9798451185304	-2.4668893434632	-0.54273749052792	-2.4782175500797	-0.474348469447587	-0.431046482441426	-4.21971309522703	2.26075572666072	-0.123821837791519	-0.203756844494863	-0.562609145563119
1.10870823243048	1.77231860369023	0.00683908628763881	-3.42113667525509	1.7700361576506	1.43351006515733	-4.89294892412328	12.1336824959536	-4.99881395836787	-0.723169689914102	0.649556117954266	1.60899598839146	-0.883464130976327	0.572496915524681	0.438307885312226	0.127599504825157	1.83854553996087	-3.2478560440939	1.83448307809638	-0.81831102578269	-2.94006815643329	2.25174042745271	0.826694279154806	-4.63611792738184	3.39081657565744	-0.8964399928475	1.50378346258754	-4.03975060918448	1.85368352716033	1.24633036586892	1.77110646313523
0.634031738725232	-2.49164270536369	0.7156136981116	-1.30391943849136	-0.601571460069347	-1.75869438862725	-2.33893580448901	-4.99881395836805	8.87521030303911	0.0933940413092248	0.408470656966751	-0.947408677183588	0.272674039517295	-0.775087617951724	1.8908663198588	-0.758795314265671	-0.433440372583521	1.72708742577007	0.307652360212567	-0.435435389176435	0.78844462450374	-0.300526331648987	-0.452059301652029	3.31067887094195	1.87015843818188	1.42323339725867	1.27270525906556	0.840595698748877	-2.14389471934912	0.259156525730337	-0.643438358415717
-0.0839903914525203	0.48787512124474	-0.0316416904479802	-0.212224134839432	-0.0887750231472741	-0.243428744581077	0.0758820309098352	-0.723169689914118	0.0933940413091562	0.624925692857137	0.339664461478	-0.563803065918827	0.0264977912007368	0.278864191026523	-0.474830062430051	0.0257768542142162	-0.492111694781309	0.604037721863398	-0.45576686609993	0.305055635679305	0.458817538102572	0.289924171807356	-0.0490681242614846	0.506369300958828	-0.836175794948305	0.170437516608463	0.706252232927586	-0.244229313768391	-0.365106426326215	-0.73251326684777	-0.47557003367446
0.334147223297834	0.357944054182644	0.227798987710687	0.287491224527541	-0.443126249159189	-0.333792667938196	-2.51657897109907	0.649556117954144	0.408470656966814	0.339664461478028	2.0772881854595	0.241492745917908	-0.0107268446137486	-0.237672033682289	0.21164643775316	0.0812611707989252	0.111519062960787	0.0703057415470895	-0.0463487986973581	0.00778456893445993	-0.391825028520264	0.523950841067055	0.0277939566421821	1.46114920218414	-0.501812512211146	0.295032241047601	1.37923203039194	-0.59175045015013	0.40537981617063	-0.224873841150172	-0.98778828492182
-0.434286716150537	-2.97268505420247	0.288580280114113	2.53411264671961	0.56088728280288	0.190516529365728	-1.19634607848852	1.60899598839149	-0.947408677183611	-0.563803065918862	0.241492745917824	17.8301047729184	-0.376654195426563	-7.06805746506307	-15.1771900400673	0.0594480824799208	2.225990301549	-1.86490707076122	0.684815926988365	-1.03221134590364	-1.28811962812304	-9.51745836766238	1.02878950407209	10.9304024752216	4.8219260750796	0.677115141928744	-2.62567564822622	1.33257099314074	2.52430484222627	1.21025621595386	0.463548397285124
-0.0668847368797709	-0.666467704253422	0.613941800530123	0.275892888835201	-0.277100057567981	-0.40005368254161	0.413938927828711	-0.88346413097634	0.272674039517182	0.026497791200706	-0.0107268446138262	-0.376654195426465	0.921402487447724	-0.0228148585714005	-1.19936628815318	0.00840892218098565	-0.261876230080893	0.819829168359277	-0.754960864547429	0.0351969214514069	0.398761507148671	-0.00386376033237451	-1.15287237280329	0.852052947625753	0.40286421298684	0.250975263805906	0.139046111081196	-0.534112722927485	0.62065643091642	0.101139229222956	-0.42089318286442
-0.203680437107187	3.80311407041542	-0.187481134063139	-0.28773848818483	-1.05409846880975	-0.144733279423849	0.342673086850161	0.572496915524582	-0.775087617951491	0.278864191026618	-0.237672033682106	-7.0680574650633	-0.0228148585712892	9.86631270381031	-3.47222205458166	0.614591764360162	-0.272918940821676	1.1822728265307	-1.73069024752624	0.279026908611532	-0.246810405759117	8.3544262415342	-0.252816072580206	-14.6328939454445	2.26849929452877	-0.281252177671664	0.889485964990511	-1.42313616416677	0.100408475932886	-0.621609482785432	0.520517249860153
2.07747850807353	1.09536107162368	-0.907991466374995	-2.76080742613996	1.57422662430042	0.203312076642752	-0.759610593820443	0.438307885312194	1.8908663198593	-0.47483006243001	0.211646437753568	-15.1771900400669	-1.19936628815318	-3.47222205458176	39.1150785003081	-0.477685350046107	-0.898660926203865	-1.27602432066902	2.95353000005174	-0.754047502077056	-1.39477056073161	2.57825638484452	1.42953452203023	2.2205269815089	-15.81754583324	-0.872604147774041	0.559989679015262	1.17247384684896	-2.17254087684139	1.0109880076079	1.28565335268808
-0.0923525577159279	0.499707980528398	-0.164433508258995	0.329642145259034	-0.17837324344744	0.380486393778188	0.190830934088819	0.127599504825258	-0.758795314265722	0.0257768542141914	0.0812611707988983	0.0594480824799364	0.00840892218092067	0.614591764360264	-0.47768535004603	0.785964409101787	0.344747846374352	-0.147604892447374	-0.551553373621913	-0.0687712158616448	-0.938540700989431	0.344966502133807	0.135353789867359	-0.57176702495738	-0.432380062254545	-0.744555523242969	-0.567251577453501	0.327184155230096	0.584387990189291	0.047967260030705	0.628317961248958
-0.07420681010867	-1.07813106286293	0.617457286932011	0.59666764303833	1.39082634935329	0.687281139468039	-1.31811656911866	1.838545539961	-0.433440372583428	-0.492111694781322	0.111519062960851	2.22599030154898	-0.261876230081013	-0.272918940821404	-0.898660926203847	0.344747846374298	4.18171821847839	-2.20710166120199	0.376381677261957	-1.21239058703066	-3.70385588650892	1.19545168166289	-0.0965650438021369	-0.899878660233524	-0.394818655987806	-0.410324234733221	-4.21394112909339	1.47270693592312	1.3822645883606	1.04392720795626	2.36266626451548
-0.617310715789113	1.30719588536821	0.191779257705712	1.96982127650299	-2.67097211644403	-1.08214949619541	0.826905357996348	-3.24785604409383	1.72708742576984	0.604037721863352	0.0703057415469972	-1.86490707076119	0.819829168359229	1.18227282653068	-1.27602432066878	-0.147604892447328	-2.20710166120184	4.30951201375632	-2.07573753481481	0.412031010377357	1.52601791898176	-0.693570974996485	-0.965528567469061	0.586386482058289	-1.64955953726336	0.805887783868591	2.81230647086085	-2.86805679885177	-0.253463189665215	-0.785246898447905	-1.36590138087295
0.355467398422802	-1.34410443862111	-0.340249665817829	-1.7857921868364	0.760479395450013	0.709727062498766	-1.85262554485911	1.83448307809629	0.307652360212744	-0.455766866099868	-0.0463487986972567	0.684815926988365	-0.754960864547343	-1.73069024752634	2.95353000005145	-0.551553373621956	0.376381677261779	-2.07573753481475	3.32360253553665	-0.189773873265531	-1.30657947443519	0.911946988857679	1.23428973273234	1.53156179040168	1.4965402363727	0.0313109745018154	0.396706736612311	1.15561883729408	-2.02725404679219	0.492673280163034	0.976872711518282
-0.198859542239842	0.31117194672186	-0.452160978037944	0.0829388643743011	-0.864079605446978	0.0736620523178888	0.338281894452269	-0.818311025782718	-0.435435389176583	0.30505563567929	0.00778456893435446	-1.03221134590354	0.0351969214514576	0.279026908611316	-0.754047502077145	-0.0687712158615603	-1.21239058703057	0.412031010377459	-0.189773873265684	1.32054731086911	0.994274131853213	0.248841273715221	0.222625147453937	0.674212256285435	-0.0765906698276721	-0.0601408516356615	0.978564451883579	0.118633661847907	-0.416689763817782	-1.15548820566355	-0.500051887056915
0.157299931985498	0.169524688788312	-0.291622807941835	-0.437319904796521	-0.997666907695935	-1.41430845618939	2.97984511853084	-2.94006815643354	0.788444624503696	0.45881753810262	-0.391825028520352	-1.28811962812316	0.398761507148877	-0.246810405759403	-1.39477056073166	-0.938540700989368	-3.70385588650899	1.52601791898197	-1.30657947443541	0.994274131853424	6.755260194577	-2.42665095081453	-0.611998453340028	0.814971209391698	1.42286939060017	1.04935990528648	2.41443408817826	-0.621596596928806	-0.444131584833591	-0.895262039912244	-4.09936495921897
-1.58288285649962	-7.9750829732889	0.820733977116584	-1.17832243783329	5.41742412201584	0.894431200499908	-2.46688934346304	2.25174042745254	-0.300526331648724	0.289924171807402	0.523950841067217	-9.51745836766224	-0.00386376033225743	8.354426241534	2.57825638484425	0.344966502133777	1.1954516816628	-0.693570974996474	0.911946988857675	0.248841273715386	-2.42665095081441	42.8022782200734	-0.396207379760023	-18.9165587686947	-22.4791145498244	-0.529202910509469	0.79150898449173	0.285225447444872	-1.37282523971371	-0.545075629773105	0.889717379397031
-0.00590025506942791	0.252283039532885	-1.45184264875003	0.261973831047769	0.0450402390031808	0.612447095094676	-0.542737490528051	0.826694279154828	-0.452059301651928	-0.0490681242614264	0.0277939566422845	1.02878950407197	-1.15287237280327	-0.252816072580074	1.42953452203021	0.135353789867295	-0.0965650438022992	-0.965528567469068	1.23428973273243	0.222625147453984	-0.611998453339835	-0.396207379759896	2.27232355608052	0.540070320587559	-0.87222635661723	-0.453325779464706	0.011015089124249	0.783834903510502	-0.703945744223365	-0.217033183442801	0.679323344427811
-0.514418654220718	-2.24157030520862	0.177185920770152	-6.65791356218318	1.58803741228736	-0.0893479088405667	-2.47821755007956	-4.63611792738178	3.3106788709415	0.506369300958753	1.46114920218383	10.9304024752216	0.852052947625732	-14.6328939454446	2.22052698150877	-0.571767024957217	-0.899878660233261	0.586386482058458	1.53156179040137	0.674212256285285	0.814971209391394	-18.916558768695	0.540070320587528	43.3708434111866	-12.1294928747315	0.862886112884542	-0.291472665273165	2.27458275133012	-1.39937872371105	-0.194673162966939	-1.05779299701804
5.00652443687165	0.648973710910049	0.982552839003075	-1.43072240630877	-9.91500147575487	-0.548686925313168	-0.474348469447212	3.39081657565733	1.87015843818169	-0.836175794948293	-0.501812512211274	4.82192607507976	0.402864212987023	2.26849929452829	-15.8175458332402	-0.432380062254394	-0.394818655987722	-1.64955953726314	1.49654023637245	-0.0765906698275674	1.42286939059985	-22.4791145498248	-0.872226356617436	-12.1294928747311	59.264784073848	0.7321980787349	1.51961698865872	-1.48715120845446	0.653998111593279	0.861030850717672	-0.580445850094561
0.199289869046142	-0.0313028967516729	0.470145653828511	0.0190637342374372	-0.429070324235327	-1.19663963818194	-0.431046482441272	-0.896439992847692	1.4232333972587	0.170437516608516	0.295032241047585	0.677115141928862	0.250975263805992	-0.281252177671909	-0.872604147774616	-0.744555523242929	-0.410324234733271	0.805887783868758	0.0313109745016631	-0.0601408516355319	1.04935990528652	-0.529202910509742	-0.453325779464811	0.86288611288498	0.732198078734984	1.71269184247561	1.05748768366911	-0.811695784315976	-0.246505662692364	-0.160738445185296	-1.12772732925683
0.185930936145127	0.676719646440438	-0.164391171336956	-0.472686079883321	-1.45925371914889	-0.609688123880931	-4.21971309522665	1.50378346258737	1.2727052590654	0.70625223292765	1.37923203039193	-2.62567564822636	0.139046111081382	0.889485964990205	0.559989679015017	-0.567251577453501	-4.21394112909355	2.81230647086106	0.396706736612062	0.978564451883786	2.41443408817855	0.791508984491696	0.0110150891238935	-0.291472665272686	1.51961698865905	1.05748768366905	9.80627877477172	-5.04473959413933	-2.04177165087316	-1.33973435876252	-3.3054658876001
-0.183950454676239	-1.81977828855244	-0.299339650499296	-0.0563337242688415	1.21735266469317	0.785392352269493	2.2607557266606	-4.03975060918449	0.840595698749061	-0.244229313768382	-0.591750450150117	1.33257099314093	-0.534112722927492	-1.4231361641668	1.17247384684863	0.327184155230141	1.47270693592313	-2.86805679885178	1.15561883729412	0.118633661847926	-0.621596596928897	0.285225447444741	0.783834903510598	2.2745827513303	-1.48715120845447	-0.811695784315932	-5.04473959413924	7.03534733657417	-1.13013429899401	0.0518915764437112	1.07431654974273
0.298981375749011	-0.16713434080133	0.590946975990528	0.703427566037617	1.57035269417247	-0.251443169289062	-0.123821837791664	1.85368352716049	-2.14389471934912	-0.365106426326298	0.405379816170655	2.52430484222632	0.620656430916265	0.100408475933124	-2.17254087684059	0.584387990189274	1.38226458836079	-0.253463189665484	-2.02725404679195	-0.416689763817979	-0.444131584833875	-1.3728252397135	-0.703945744223177	-1.39937872371162	0.653998111592934	-0.246505662692281	-2.04177165087341	-1.13013429899375	5.72713624196942	0.597176815302352	0.0989697913468704
0.336812519121514	-0.914929236406419	0.417033112591843	-0.0123758687928844	0.624435497958161	0.101532672767602	-0.203756844495051	1.24633036586898	0.259156525730491	-0.732513266847768	-0.224873841150064	1.21025621595371	0.101139229222883	-0.621609482785132	1.01098800760819	0.0479672600306177	1.04392720795619	-0.785246898448062	0.492673280163228	-1.15548820566359	-0.895262039912092	-0.545075629772881	-0.217033183442689	-0.194673162967238	0.861030850717741	-0.160738445185136	-1.33973435876235	0.0518915764437696	0.597176815302158	1.67905947112524	0.650192126968531
-0.0800809592900585	0.254423614904892	-0.181026722331604	-0.140038233190882	0.669552206067062	1.1150721163156	-0.562609145563337	1.77110646313539	-0.6434383584157	-0.475570033674467	-0.987788284921764	0.463548397285129	-0.420893182864499	0.520517249860262	1.2856533526882	0.628317961248902	2.36266626451545	-1.36590138087301	0.976872711518395	-0.500051887056992	-4.09936495921897	0.889717379397141	0.679323344427897	-1.05779299701814	-0.580445850094666	-1.12772732925678	-3.30546588759983	1.07431654974258	0.0989697913467194	0.650192126968574	4.13382777428094
